==Profundidad 5==
13,6,3,7,4,8,8,11,17,6,6,29,2,3,3
==Profundidad 6==
2,8,7,7,51,2,9,21,1,61,8,19,32,15,18
==Profundidad 7==
5,53,4,5,18,22,6,9,10,23,5,18,6,13,12
==Profundidad 8==
10,4,16,4,7,5,6,13,38,2,40,19,70,7,4
==Profundidad 9==
43,48,9,26,20,16,6,11,17,21,33,21,5,36,146
==Profundidad 10==
41,8,33,86,18,26,1,29,15,22,87,47,28,23,9
==Profundidad 11==
35,20,15,33,19,38,21,70,47,6,131,8,5,40,12

==Fintness Promedio de padres 8 depth==
40 it:
1.80716186E7
368.55
22.3
22.15
22.1
22.0
20.45
22.0
22.0
22.0
22.0
21.2
19.4
16.65
15.3
14.25
15.4
12.25
8.2
7.65
8.8
9.45
8.0
7.6
8.2
7.0
4.0
4.0
4.0
4.0
4.0
3.95
3.95
3.9
3.9
3.9
3.85
3.9
4.6
3.45

47 it:
1.892306175E7
20.7
22.15
18.6
22.45
22.05
22.15
22.5
20.65
20.55
22.5
22.5
22.5
22.5
22.15
18.55
22.5
22.5
22.5
22.5
22.5
21.5
22.1
20.95
20.1
18.85
19.55
19.65
19.3
17.75
16.95
18.15
18.25
17.35
15.15
16.8
16.85
14.95
15.35
14.1
12.2
12.2
13.0
12.8
11.05
10.95
11.15

fitness promedio 11 depth
1568.2
20.35
19.85
19.65
19.5
15.6
15.6
16.25
9.65
6.9
7.1
7.1
6.7
6.9
6.9
6.5
5.5
5.5
5.5
5.15

fitness promedio 11 depth example2
48.75
21.25
21.15
19.35
19.4
18.3
16.1
16.55
14.2
14.1
14.0
15.0
12.6
11.9
11.9
13.25
12.2
9.75
6.5
5.75
3.85

